<blank>
<unk>
32
101
97
105
110
116
111
115
114
108
100
117
109
99
112
195
104
118
107
103
98
122
102
106
121
119
164
169
197
196
161
113
179
173
188
208
182
120
190
48
49
141
50
160
153
155
209
189
168
186
131
133
130
181
53
51
151
52
159
175
57
54
177
55
56
145
171
174
165
180
200
135
176
178
170
184
185
163
187
129
128
143
162
132
136
191
150
206
183
167
140
172
207
139
142
134
147
137
148
149
225
194
166
138
202
198
210
199
203
201
226
232
217
157
144
229
230
233
236
158
231
224
235
227
146
211
156
152
216
234
215
154
228
237
219
205
213
220
240
221
218
214
<sos/eos>
