<blank>
<unk>
32
101
97
105
110
116
111
115
114
108
117
100
99
109
112
195
104
107
118
103
98
102
122
106
121
119
169
164
197
161
196
48
49
113
50
208
173
120
179
188
182
190
53
51
141
52
209
57
160
54
55
56
168
155
189
153
186
131
181
130
133
151
175
177
145
180
200
159
176
171
174
184
178
135
165
185
170
128
129
187
143
162
163
191
150
136
132
167
206
183
140
172
207
139
134
142
147
137
148
225
149
166
202
138
198
210
199
203
201
232
217
157
229
230
233
226
236
144
158
224
231
235
227
146
211
156
152
216
234
215
154
228
237
219
205
213
240
221
218
214
<sos/eos>
