<blank>
<unk>
32
101
97
105
110
116
111
115
114
108
100
117
109
99
112
195
104
118
103
107
98
122
102
121
106
119
164
208
169
224
197
196
209
161
113
179
173
174
176
166
188
190
182
120
189
131
168
186
184
141
181
130
160
153
216
133
178
155
177
129
175
217
180
128
170
159
225
187
149
135
151
185
150
167
134
143
139
136
165
145
191
172
171
140
132
183
163
158
219
227
206
213
200
229
154
162
138
142
156
215
218
137
230
207
148
147
231
228
144
152
232
157
233
146
214
210
48
49
201
236
211
235
50
202
57
53
51
52
54
56
55
198
237
234
194
226
199
203
220
212
239
<sos/eos>
