<blank>
<unk>
32
101
110
208
97
105
116
115
114
111
206
108
100
117
209
195
207
109
99
112
104
103
107
118
181
190
189
98
130
177
129
191
184
164
176
128
188
102
122
106
186
185
169
187
132
131
121
119
178
179
180
183
113
133
140
182
135
173
161
143
139
175
172
137
142
134
120
141
174
160
136
168
49
48
197
145
159
50
170
51
53
52
57
56
171
54
55
138
167
162
194
225
147
226
144
196
166
163
150
151
239
165
148
153
155
149
21
229
18
152
202
158
230
215
146
210
156
199
217
216
223
227
211
16
224
127
157
2
238
0
154
22
14
198
201
23
228
231
6
232
200
203
8
1
236
219
3
7
26
244
20
233
235
24
19
234
4
25
27
218
17
<sos/eos>
