<blank>
<unk>
32
101
97
105
110
116
111
115
114
108
100
117
109
99
195
112
104
118
107
103
98
122
102
106
121
119
164
169
197
196
161
113
208
179
173
188
182
190
224
120
141
209
153
160
131
168
189
186
155
133
130
181
176
159
175
151
177
184
174
225
180
170
178
216
128
135
145
165
129
171
217
187
166
185
136
200
163
132
167
149
206
213
172
215
143
140
191
134
227
150
158
219
162
139
183
207
138
218
229
137
156
148
154
147
144
152
142
230
48
214
210
231
157
228
49
232
201
236
146
235
233
50
211
57
53
51
52
54
56
55
237
234
198
202
194
199
226
203
220
<sos/eos>
