<blank>
<unk>
32
224
101
110
208
97
105
116
115
114
164
176
111
206
168
108
170
180
100
166
117
209
195
109
207
181
99
184
112
104
103
107
149
118
178
190
185
189
177
174
98
128
130
129
191
175
188
102
122
106
172
169
186
187
179
133
132
121
131
183
159
119
182
161
156
135
173
134
151
140
154
143
113
167
137
141
163
139
226
171
142
136
150
49
165
120
48
50
155
160
153
147
197
145
51
53
152
52
158
56
57
54
55
157
146
148
144
162
138
194
225
239
196
217
216
227
229
230
215
232
231
211
228
202
236
213
233
210
21
238
18
235
201
203
219
218
199
237
3
234
6
8
2
127
25
22
214
220
198
223
16
15
24
23
244
14
19
27
26
0
4
200
1
7
20
17
5
243
240
205
<sos/eos>
